N=5)
11111 11100 11001 10011 00111 10000 00100 00001	

N=3)
111 100 001 

N=1)
1

N=2)
00 11

N=4)
1111 0000 1100 0011 1001
===================================
계단오르기
10 30 20 	15 25 10 	[20]
			
30 10 15 	20 10 25 	[20]

30 10 20 	15 10 25 	[20]

10 30 15 	20 25 10 	[20]


========================
피보 횟수
1 0
0 1
1 1
1 2
2 3
3 5
5 8
8 13
13 21
21 34
34 55
55 89
89 144
144 233
233 377
377 610
610 987
987 1597
1597 2584
2584 4181


=============
RGB 거리


최소 부분배열 문제같은데 이거 흠...
S를 현재까지의 최소 부분배열이라할때,
S[n]=S[n-1]+A[N]
이 점화식이면 풀거같은데...

S[n][0]=min(S[n-1][1],S[n-1][2])+A[n][0]
이공식인거같은데? 색깔 중복 안되려면
3개다 구해야되겠는데?

3
26 40 83
49 60 57
13 89 99

	
S[0]=26 S[1]=83 S[2]=96
S[0]=40 S[1]=
S[0]=83

====================
2 x N 타일링

N = 1)	1
N = 2)	2
N = 3)	3
N = 4)	5
N = 5)	8
N = 6)	13
N = 7)	21
N = 8)	34
N = 9)	55		

==========================
이친수

N=1) 1
N=2) 1
N=3) 2
N=4) 3
N=5) 10000 10001 10010 10100 10101 5
N=6) 100000 100001 100010 100100 101000 101001 101010 100101 8

===========================
정수 삼각형

5
7
3 8
8 1 0
2 7 4 4
4 5 2 6 5

S[level][i]=max(S[level-1][i-1],S[level-1][i])+A[level][i]

=======================
포도주 시식

S[n]=max(S[n-1],S[n-3]+A[n-1]+A[n],S[n-2]+A[n])

6
6 10 13 9 8 1	7 5 3

==============
BFS 와 DFS

4 5 1
1 2
1 3
1 4
2 4
3 4

8 9 1
1 2
1 7
1 8
3 7
4 6
5 6
5 8
6 7
7 8

dfs
1 2 7 3 6 4 5 8
bfs
1 2 7 8 3 6 5 4


5 5 3
5 4
5 2
1 2
3 4
3 1

1000 1 1000
999 1000

================
미로 탐색

print("현재위치 : ",end=' ')
    print(N,M)
    for i in range(1,n+1):
      print(temp[i])

temp=[[0 for i in range(m+2)]for i in range(n+2)]
  for i in range(n+2):
    for j in range(m+2):
      temp[i][j]=visit[i][j]

4 6
101111
101010
101011
111011
[15]


[[2, 2, 2, 2, 2, 2, 2, 2], 
[2, 1, 0, 1, 1, 1, 1, 2], 
[2, 1, 0, 1, 0, 1, 0, 2], 
[2, 1, 0, 1, 0, 1, 1, 2], 
[2, 1, 1, 1, 0, 1, 1, 2], 
[2, 2, 2, 2, 2, 2, 2, 2]]

4 6
110110
110110
111111
111101
[9]

2 25
1011101110111011101110111
1110111011101110111011101
[38]

7 7
1011111
1110001
1000001
1000001
1000001
1000001
1111111
[13]

=============숨바꼭질
#이게 직접 방문할때까지는 visit처리가 안되는 문제때문에 고생좀함

5 17
4 6 10		1
6 10 3 8	1
10 3 8 7 12	1

3 8 7 12 9 11 20
8 7 12 9 11 20 2	2
7 12 9 11 20 2 16
12 9 11 20 2 16 14	2

9 11 20 2 16 14 13 26
11 20 2 16 14 13 26 18
20 2 16 14 13 26 18 22	
2 16 14 13 26 18 22 19 21 40
16 14 13 26 18 22 19 21 40 1
14 13 26 18 22 19 21 40 1 15 17 32 3

6 8

5 7 12		1
7 12 4 10	1
12 4 10 8 14	1
4 10 8 14 11 13 26		2
10 8 14 11 13 26 3 		2
8 14 11 13 26 3 9 20		2

===================
토마토

6 4
0 0 0 0 0 0
0 0 0 0 0 0
0 0 0 0 0 0
0 0 0 0 0 1

[8]

6 4
1 -1 0 0 0 0
0 -1 0 0 0 0
0 0 0 0 -1 0
0 0 0 0 -1 1

[6]


5 5
-1 1 0 0 0
0 -1 -1 -1 0
0 -1 -1 -1 0
0 -1 -1 -1 0
0 0 0 0 0

[14]

6 4

0 -1 0 0 0 0
-1 0 0 0 0 0
0 0 0 0 0 0
0 0 0 0 0 1

[-1]

===================
단지번호 붙이기
7
0110100
0110101
1110101
0000111
0100000
0111110
0111000

3
7
8
9

===================
유기농 배추
2
10 8 17
0 0
1 0
1 1
4 2
4 3
4 5
2 4
3 4
7 4
8 4
9 4
7 5
8 5
9 5
7 6
8 6
9 6
10 10 1
5 5


[0, 0, 0, 0, 0, 0, 0, 0, 0, 0, 0, 0]
[0, 1, 1, 0, 0, 0, 0, 0, 0, 0, 0, 0]
[0, 0, 1, 0, 0, 0, 0, 0, 0, 0, 0, 0]
[0, 0, 0, 0, 0, 1, 0, 0, 0, 0, 0, 0]
[0, 0, 0, 0, 0, 1, 0, 0, 0, 0, 0, 0]
[0, 0, 0, 1, 1, 0, 0, 0, 1, 1, 1, 0]
[0, 0, 0, 0, 0, 1, 0, 0, 1, 1, 1, 0]
[0, 0, 0, 0, 0, 0, 0, 0, 1, 1, 1, 0]
[0, 0, 0, 0, 0, 0, 0, 0, 0, 0, 0, 0]
[0, 0, 0, 0, 0, 0, 0, 0, 0, 0, 0, 0]
[0, 0, 0, 0, 0, 0, 0, 0, 0, 0, 0, 0]
[0, 0, 0, 0, 0, 0, 0, 0, 0, 0, 0, 0]

[0, 0, 0, 0, 0, 0, 0, 0, 0, 0, 0, 0]
[0, 0, 0, 0, 0, 0, 0, 0, 0, 0, 0, 0]
[0, 0, 0, 0, 0, 0, 0, 0, 0, 0, 0, 0]
[0, 0, 0, 0, 0, 0, 0, 0, 0, 0, 0, 0]
[0, 0, 0, 0, 0, 0, 1, 0, 0, 0, 0, 0]
[0, 0, 0, 0, 0, 0, 0, 0, 0, 0, 0, 0]
[0, 0, 0, 0, 0, 0, 0, 0, 0, 0, 0, 0]
[0, 0, 0, 0, 0, 0, 0, 0, 0, 0, 0, 0]
[0, 0, 0, 0, 0, 0, 0, 0, 0, 0, 0, 0]
[0, 0, 0, 0, 0, 0, 0, 0, 0, 0, 0, 0]